                     precision    recall  f1-score   support

      благодарность       1.00      0.88      0.93         8
          конфликты       0.00      0.00      0.00         1
          материалы       1.00      0.89      0.94         9
             оплата       1.00      1.00      1.00         9
первичное_обращение       1.00      1.00      1.00         9
             правки       0.62      0.56      0.59         9
            рендеры       0.73      0.89      0.80         9
              сроки       0.90      1.00      0.95         9
          стоимость       1.00      0.89      0.94         9
 технический_вопрос       0.55      0.67      0.60         9

           accuracy                           0.85        81
          macro avg       0.78      0.78      0.78        81
       weighted avg       0.85      0.85      0.85        81
